0.0243455 0.00250249 0.00686534 0.00674248 0.00421123 0.00595188 0.00624967 0.00240028 0.00948743 0.0028841 0.0063949 0.00464961 0.00591093 0.00523754 0.00745453 0.00845498 0.00181416 0.00884174 0.00807789 0.00723604 0.00583271 0.00912869
0.00594718 0.00395969 0.00695926 0.000944378 0.00953421 0.00186761 0.00945346 0.00596361 0.00138228 0.00743864 0.00540284 0.00369898 0.00798412 0.00992743 0.00848829 0.00698429 0.00190377 0.000771055 0.0024844 0.0097933 0.00211944 0.00776381
0.00155276 0.00194235 0.00249798 0.00380331 0.00343444 0.00507375 0.00643902 0.000428453 0.00992154 0.008214 0.00831425 0.00355875 0.00165236 0.00968176 0.00871536 0.00574424 0.00760727 0.00620923 0.00277097 0.00283334 0.00579518 0.00162822
0.000976249 0.00183306 0.00381167 0.00371685 0.00766545 0.00889056 0.00599051 0.00840743 0.00791174 0.00721775 0.000399668 0.00179879 0.00668471 0.00234759 0.00296266 0.00323025 0.000647076 0.00859484 0.00887761 0.00121005 0.00556104 0.00807061
0.00251326 0.00654715 0.0042785 0.00245019 2.50002 2.49999 2.49998 2.50002 0.0096782 0.000108133 0.00779238 8.06757e-005 0.0058158 0.00633069 0.004525 0.00628906 0.00847754 0.000502224 0.00436109 0.00870539 0.00961113 0.00480801
0.00733171 0.00407951 0.00587149 0.00252714 2.49999 2.49999 2.50002 2.49998 0.00481083 0.00698891 0.000894942 0.00190007 0.00427447 0.00289475 0.00636534 0.00247143 0.00594026 0.00761286 0.00293666 0.000348113 0.00420348 0.00270021
0.00161976 0.00544476 8.4961e-005 0.00426373 2.5 2.50001 2.49999 2.50002 0.00428669 0.00164207 0.00866594 0.00273933 0.00762582 0.0030073 0.00545388 0.00568232 0.00550989 0.00516427 0.0050183 0.00197997 0.00460096 0.00191054
0.00472056 0.00645219 0.000874119 0.00635117 2.50001 2.49999 2.5 2.49998 0.00550154 0.00429475 0.00974274 0.0039099 0.00747214 0.000697246 0.00899516 0.00522328 0.00526324 0.00204106 0.00243812 0.00964588 0.00147956 0.00360866
0.00984337 0.00197635 0.00151181 0.00916866 0.001377 0.00523532 0.000383678 0.00425585 0.00704911 0.0030251 0.00988176 0.00983103 0.00811063 0.00671006 0.00585512 0.00430456 0.00589104 0.000538293 0.0028457 0.000233342 0.00133113 0.000983179
0.00311476 0.00972823 0.00123261 0.00833408 0.000971329 0.00756054 0.0018251 0.00745835 0.00883182 0.00820527 0.76391 0.999982 0.763921 0.000179339 0.00110285 0.00476007 0.00989913 0.00387024 0.00327284 0.00453648 0.00890762 0.00594093
0.0017655 0.00354555 0.00903695 0.00869061 0.00271818 0.00376861 0.00806951 0.00839072 0.00356396 0.763939 1.58577 1.99999 1.58577 0.763948 0.0011804 0.00968407 0.00371341 0.00491545 0.00366524 0.00568801 0.00120234 0.00410292
0.00824573 0.00376641 0.00827256 0.0012062 0.00443192 0.00931094 0.004598 0.00294016 0.00223831 0.999994 1.99999 2.99997 2.00001 0.999979 0.00992515 0.00280045 0.00235044 0.00137411 0.00968507 0.000711636 0.0057452 0.00932554
0.00300953 0.00926802 0.00918242 0.00730005 0.00924465 0.00951369 0.00683497 0.00582329 0.004778 0.763918 1.58577 1.99998 1.58581 0.76391 0.00842816 0.00382162 0.00133346 0.00718383 0.00348722 0.00159532 0.001177 0.00145678
0.00689086 0.00396314 0.00985111 0.00803226 0.00126583 0.00360331 0.000164471 0.00584102 0.00517586 0.00903061 0.763943 0.999979 0.763912 0.00750167 7.38331e-005 0.005916 0.00751394 0.00954181 0.00153593 0.00883062 0.00537729 0.0027394
0.000376621 0.00979859 0.00620424 0.00966529 0.0097195 0.0038682 0.00630577 0.00373148 0.00840551 0.00647635 0.00113277 0.00628798 0.00433598 0.0060816 0.00796286 0.00278377 2.75355e-005 0.00263968 0.00600597 0.0064568 0.00295517 0.00484166
0.00565693 0.00234082 0.00139569 0.00925632 0.00891646 0.00241794 0.00767066 0.00466957 0.00124084 0.00709421 0.00621472 0.00791436 0.00810097 0.00460096 0.00836086 0.00801335 0.00773536 0.000902923 0.00883107 0.00579099 0.00726569 0.00437245
0.00844498 0.00917428 0.00600897 0.00569714 0.00293507 0.00974243 0.00930786 0.00958569 0.00256646 0.000368645 0.00641996 0.00972264 0.00643625 0.00853151 0.00325794 9.8304e-005 0.00812674 0.00289327 0.0040768 0.00974596 0.00485443 0.00359057
0.00922661 0.00169608 0.00499976 0.00916441 0.000227131 0.00548722 0.00360771 0.00785862 0.002461 0.00643116 0.00755278 0.00552382 0.00605976 0.00813962 0.00890996 0.000993916 0.00440659 0.0091615 0.0047409 0.00340855 0.00608894 0.00876226
0.00105165 0.00643684 0.00671491 0.00718525 0.00904284 0.00925684 0.00964074 0.00636878 0.00388333 0.00986642 0.0028519 0.00279964 0.00387743 0.00593774 0.00270009 0.00635676 0.00294837 0.00803967 0.00783193 0.00506382 0.00235775 0.00680465
0.00539819 0.00468898 0.00195982 0.00791858 0.00451652 0.00385705 0.00909931 0.00874173 0.00553499 6.63133e-005 0.00260961 0.000184936 0.00510788 0.00314076 0.00671647 0.00571538 0.00989405 0.00308801 0.00469778 0.000364351 0.00845229 0.0039188
0.00730926 0.00116773 0.00987764 0.00686409 0.00257772 0.00256075 0.00149816 0.0094976 0.00806706 0.000741978 5.67437e-005 0.00905932 0.00548751 0.00920513 0.00204433 0.007707 0.00294226 0.00378336 0.00317105 0.00597061 0.00855909 0.0057088
0.000834114 0.00958201 0.00412873 0.00839305 0.000968574 0.00681242 0.00883068 0.000565868 0.00474614 0.00762325 0.00509354 0.0017936 0.00635007 0.00599161 0.00611441 0.00483355 0.00193746 0.0080683 0.00519363 0.00323039 0.00464788 0.00050994
